EXPONENTIAL - STRUCTURED TETRAHEDRAL GRID

N = 1, epsilon = -1
errH10: 4.2617e-01 2.2842e-01 1.5530e-01 1.1752e-01
rH10: 0.899733 0.951673 0.968943
errl2: 3.0189e-02 8.2593e-03 3.7849e-03 2.1654e-03
rl2: 1.869903 1.924534 1.941015

N = 2, epsilon = -1
errH10: 8.2336e-02 2.2406e-02 1.0125e-02 5.7278e-03
rH10: 1.877658 1.958911 1.980364
errl2: 2.1435e-03 3.0647e-04 9.5019e-05 4.1058e-05
rl2: 2.806184 2.888134 2.916721
