EXPONENTIAL - STRUCTURED TETRAHEDRAL-POLYHEDRAL GRID

N = 1
errH10: 3.3681e-01 1.8227e-01 1.2424e-01 9.4090e-02
rH10: 0.885807 0.945352 0.966173
errl2: 2.5041e-02 6.1132e-03 2.6651e-03 1.4851e-03
rl2: 2.034301 2.047561 2.032630

N = 2
errH10: 7.4183e-02 1.9944e-02 8.9959e-03 5.0984e-03
rH10: 1.895167 1.963539 1.973824
errl2: 5.1276e-03 7.0478e-04 2.1079e-04 8.9470e-05
rl2: 2.863050 2.976955 2.978743

N = 3
errH10: 1.8013e-02 2.3198e-03 6.6815e-04 2.7689e-04
rH10: 2.956957 3.069894 3.062065
errl2: 1.1527e-03 7.1514e-05 1.3122e-05 3.9958e-06
rl2: 4.010634 4.181814 4.133233
