EXPONENTIAL - STRUCTURED TETRAHEDRAL GRID

N = 1
errl2: 1.1256e-02 3.6017e-03 1.0227e-03
errH10: 3.7594e-01 1.9785e-01 9.9471e-02
rl2: 1.643942 1.816355
rH10: 0.926094 0.992044

N = 2
errl2: 5.3216e-03 7.2800e-04 9.4460e-05
errH10: 6.5447e-02 1.7846e-02 4.6327e-03
rl2: 2.869829 2.946177
rH10: 1.874746 1.945648

N = 3
errl2: 8.3358e-04 5.7744e-05 3.6715e-06
errH10: 1.1484e-02 1.5987e-03 2.0627e-04
rl2: 3.851566 3.975255
rH10: 2.844721 2.954297
