EXPONENTIAL - STRUCTURED HEXAHEDRAL GRID

N = 1
errH10: 3.1840e-01 1.6678e-01 1.1196e-01 8.4123e-02
rH10: 0.932935 0.982791 0.993789
errl2: 2.7755e-02 7.3256e-03 3.3204e-03 1.8931e-03
rl2: 1.921746 1.951589 1.952994

N = 2
errH10: 6.9691e-02 1.8519e-02 8.2554e-03 4.6362e-03
rH10: 1.911998 1.992556 2.005608
errl2: 4.9882e-03 6.5314e-04 1.9059e-04 7.9122e-05
rl2: 2.933068 3.037623 3.055982

N = 3
errH10: 1.6100e-02 2.1286e-03 6.1836e-04 2.5782e-04
rH10: 2.919059 3.048729 3.040896
errl2: 1.0479e-03 6.6445e-05 1.2080e-05 3.6604e-06
rl2: 3.979233 4.204589 4.150347
