EXPONENTIAL - GENERAL GRID

N = 1
errl2: 3.1209e-02 1.7716e-02 5.9973e-03
errH10: 3.5875e-01 2.5131e-01 1.4168e-01
rl2: 1.154634 1.971819
rH10: 0.725730 1.043318

N = 2
errl2: 5.3520e-03 1.8324e-03 2.8963e-04
errH10: 8.7963e-02 4.2298e-02 1.3036e-02
rl2: 2.185593 3.358372
rH10: 1.492996 2.142675

N = 3
errl2: 1.4164e-03 2.2474e-04 2.0407e-05
errH10: 1.9945e-02 6.1835e-03 1.1137e-03
rl2: 3.753889 4.367402
rH10: 2.388003 3.120701
