EXPONENTIAL - STRUCTURED HEXAHEDRAL-TETRAHEDRAL GRID

N = 1
errl2: 2.5041e-02 6.1132e-03 1.4851e-03
errH10: 3.3681e-01 1.8227e-01 9.4090e-02
rl2: 2.034301 2.041364
rH10: 0.885807 0.953993

N = 2
errl2: 5.1276e-03 7.0478e-04 8.9470e-05
errH10: 7.4183e-02 1.9944e-02 5.0984e-03
rl2: 2.863050 2.977697
rH10: 1.895167 1.967808

N = 3
errl2: 1.1527e-03 7.1514e-05 3.9958e-06
errH10: 1.8013e-02 2.3198e-03 2.7689e-04
rl2: 4.010634 4.161651
rH10: 2.956957 3.066645
