EXPONENTIAL - STRUCTURED TETRAHEDRAL GRID

N = 1
errH10: 3.7594e-01 1.9785e-01 1.3266e-01 9.9471e-02
rH10: 0.926094 0.985774 1.000881
errl2: 1.1256e-02 3.6017e-03 1.7376e-03 1.0227e-03
rl2: 1.643942 1.797754 1.842573

N = 2
errH10: 6.5447e-02 1.7846e-02 8.1377e-03 4.6327e-03
rH10: 1.874746 1.936684 1.958281
errl2: 5.3216e-03 7.2800e-04 2.2107e-04 9.4460e-05
rl2: 2.869829 2.939415 2.955707

N = 3
errH10: 1.1484e-02 1.5987e-03 4.8485e-04 2.0627e-04
rH10: 2.844721 2.942555 2.970847
errl2: 8.3358e-04 5.7744e-05 1.1575e-05 3.6715e-06
rl2: 3.851566 3.963762 3.991454
