EXPONENTIAL - POLYHEDRAL GRID

N = 1
errH10: 3.5875e-01 2.5131e-01 1.8462e-01 1.4168e-01
rH10: 0.725730 1.178905 0.920013
errl2: 3.1209e-02 1.7716e-02 1.0018e-02 5.9973e-03
rl2: 1.154634 2.178846 1.783545

N = 2
errH10: 8.7963e-02 4.2298e-02 2.3058e-02 1.3036e-02
rH10: 1.492996 2.318996 1.982326
errl2: 5.3520e-03 1.8324e-03 7.5865e-04 2.8963e-04
rl2: 2.185593 3.370665 3.347192

N = 3
errH10: 1.9945e-02 6.1835e-03 2.5932e-03 1.1137e-03
rH10: 2.388003 3.321457 2.938131
errl2: 1.4164e-03 2.2474e-04 7.0145e-05 2.0407e-05
rl2: 3.753889 4.450531 4.291803
