EXPONENTIAL - STRUCTURED HEXAHEDRAL GRID

N = 1
errl2: 2.7755e-02 7.3256e-03 1.8931e-03
errH10: 3.1840e-01 1.6678e-01 8.4123e-02
rl2: 1.921746 1.952172
rH10: 0.932935 0.987356

N = 2
errl2: 4.9882e-03 6.5314e-04 7.9122e-05
errH10: 6.9691e-02 1.8519e-02 4.6362e-03
rl2: 2.933068 3.045243
rH10: 1.911998 1.997973

N = 3
errl2: 1.0479e-03 6.6445e-05 3.6604e-06
errH10: 1.6100e-02 2.1286e-03 2.5782e-04
rl2: 3.979233 4.182076
rH10: 2.919059 3.045478
